moto_mes =

   -0.0512   -1.0465   -0.0290         0
    1.0069   -0.0375    0.0108         0
   -0.5043   -0.5905    0.0453         0
    0.6298    0.7530    0.2175    1.0000
